0.00 3.00 0.00
0.00 3.00 6.00
0.00 8.00 6.00
-0.10 3.00 0.00
-0.10 3.00 6.00
-0.10 7.00 6.00
-0.20 7.00 6.00
-0.30 7.00 6.00
-0.40 7.00 6.00
-0.10 0.00 0.00
-0.20 0.00 0.00
-0.30 0.00 0.00
-0.40 0.00 0.00
-0.50 0.00 0.00
-0.60 0.00 0.00
-0.70 0.00 0.00
-0.70 0.00 0.00
-0.70 0.00 0.00
-0.70 0.00 0.00
-0.10 0.00 0.00
-1.10 0.00 0.00
-1.80 0.00 0.00
-2.60 0.00 0.00
-0.10 0.00 0.00
-0.20 0.00 0.00
-0.30 0.00 0.00
-1.10 0.00 0.00
-1.20 0.00 0.00
0.00 0.00 0.00
-0.80 0.00 0.00
-1.80 0.00 0.00
-3.10 0.00 0.00
-4.30 0.00 0.00
-5.00 0.00 0.00
